function rhs = rhs_dyn2(t,x,dummy)
rhs = [6.66283512*x(1)-0.8160589*x(2);
    0.64807756-1.83226592*x(2)];
end

